# Data from URL: http://mysite.du.edu/~balzar/s-s_rr.htm
# CeO2 powder that shows broadened diffraction lines was synthesized by Daniel Lour and Nathalie Audebrand at the University of Rennes 
#l (CuKa1) = 1.5406 ang, l (CuKa2) = 1.5444 ang, I (CuKa2)/I ((CuKa1) = 0.48, P = 0.8
20.0000000	161
20.0100002	265
20.0200005	253
20.0300007	184
20.0400009	149
20.0499992	213
20.0599995	230
20.0699997	201
20.0799999	235
20.0900002	155
20.1000004	212
20.1100006	195
20.1200008	292
20.1299992	166
20.1399994	200
20.1499996	200
20.1599998	229
20.1700001	206
20.1800003	171
20.1900005	194
20.2000008	274
20.2099991	188
20.2199993	245
20.2299995	177
20.2399998	222
20.25	148
20.2600002	233
20.2700005	205
20.2800007	148
20.2900009	244
20.2999992	267
20.3099995	244
20.3199997	170
20.3299999	181
20.3400002	164
20.3500004	221
20.3600006	181
20.3700008	204
20.3799992	164
20.3899994	266
20.3999996	215
20.4099998	192
20.4200001	164
20.4300003	214
20.4400005	192
20.4500008	135
20.4599991	220
20.4699993	253
20.4799995	264
20.4899998	208
20.5	191
20.5100002	169
20.5200005	191
20.5300007	191
20.5400009	208
20.5499992	179
20.5599995	258
20.5699997	291
20.5799999	207
20.5900002	235
20.6000004	134
20.6100006	218
20.6200008	207
20.6299992	229
20.6399994	229
20.6499996	167
20.6599998	178
20.6700001	201
20.6800003	251
20.6900005	189
20.7000008	200
20.7099991	256
20.7199993	189
20.7299995	245
20.7399998	200
20.75	200
20.7600002	172
20.7700005	172
20.7800007	227
20.7900009	233
20.7999992	271
20.8099995	172
20.8199997	210
20.8299999	199
20.8400002	232
20.8500004	221
20.8600006	182
20.8700008	210
20.8799992	204
20.8899994	210
20.8999996	132
20.9099998	242
20.9200001	198
20.9300003	248
20.9400005	204
20.9500008	149
20.9599991	165
20.9699993	187
20.9799995	231
20.9899998	236
21	176
21.0100002	230
21.0200005	225
21.0300007	236
21.0400009	219
21.0499992	235
21.0599995	219
21.0699997	180
21.0799999	159
21.0900002	169
21.1000004	169
21.1100006	180
21.1200008	224
21.1299992	191
21.1399994	207
21.1499996	332
21.1599998	185
21.1700001	201
21.1800003	218
21.1900005	218
21.2000008	234
21.2099991	228
21.2199993	201
21.2299995	228
21.2399998	184
21.25	174
21.2600002	255
21.2700005	217
21.2800007	249
21.2900009	206
21.2999992	200
21.3099995	211
21.3199997	168
21.3299999	195
21.3400002	178
21.3500004	259
21.3600006	221
21.3700008	200
21.3799992	156
21.3899994	221
21.3999996	221
21.4099998	221
21.4200001	204
21.4300003	210
21.4400005	215
21.4500008	215
21.4599991	167
21.4699993	209
21.4799995	225
21.4899998	182
21.5	129
21.5100002	204
21.5200005	230
21.5300007	187
21.5400009	209
21.5499992	225
21.5599995	144
21.5699997	171
21.5799999	214
21.5900002	235
21.6000004	176
21.6100006	219
21.6200008	245
21.6299992	234
21.6399994	202
21.6499996	261
21.6599998	149
21.6700001	138
21.6800003	213
21.6900005	223
21.7000008	218
21.7099991	207
21.7199993	239
21.7299995	186
21.7399998	186
21.75	254
21.7600002	191
21.7700005	196
21.7800007	212
21.7900009	190
21.7999992	201
21.8099995	222
21.8199997	148
21.8299999	222
21.8400002	201
21.8500004	174
21.8600006	222
21.8700008	190
21.8799992	211
21.8899994	248
21.8999996	179
21.9099998	205
21.9200001	158
21.9300003	152
21.9400005	205
21.9500008	189
21.9599991	247
21.9699993	205
21.9799995	178
21.9899998	220
22	168
22.0100002	173
22.0200005	157
22.0300007	209
22.0400009	241
22.0499992	193
22.0599995	162
22.0699997	183
22.0799999	193
22.0900002	219
22.1000004	146
22.1100006	193
22.1200008	162
22.1299992	193
22.1399994	208
22.1499996	260
22.1599998	187
22.1700001	172
22.1800003	172
22.1900005	208
22.2000008	187
22.2099991	249
22.2199993	218
22.2299995	187
22.2399998	202
22.25	187
22.2600002	186
22.2700005	228
22.2800007	176
22.2900009	186
22.2999992	253
22.3099995	160
22.3199997	191
22.3299999	196
22.3400002	160
22.3500004	201
22.3600006	227
22.3700008	150
22.3799992	186
22.3899994	149
22.3999996	221
22.4099998	196
22.4200001	242
22.4300003	180
22.4400005	200
22.4500008	200
22.4599991	149
22.4699993	226
22.4799995	241
22.4899998	185
22.5	210
22.5100002	149
22.5200005	210
22.5300007	235
22.5400009	215
22.5499992	164
22.5599995	174
22.5699997	158
22.5799999	169
22.5900002	184
22.6000004	189
22.6100006	199
22.6200008	158
22.6299992	219
22.6399994	158
22.6499996	204
22.6599998	168
22.6700001	219
22.6800003	168
22.6900005	153
22.7000008	193
22.7099991	198
22.7199993	249
22.7299995	203
22.7399998	218
22.75	198
22.7600002	243
22.7700005	243
22.7800007	203
22.7900009	202
22.7999992	182
22.8099995	167
22.8199997	227
22.8299999	217
22.8400002	187
22.8500004	182
22.8600006	212
22.8700008	192
22.8799992	202
22.8899994	197
22.8999996	156
22.9099998	181
22.9200001	186
22.9300003	186
22.9400005	201
22.9500008	226
22.9599991	196
22.9699993	216
22.9799995	171
22.9899998	226
23	191
23.0100002	216
23.0200005	170
23.0300007	190
23.0400009	175
23.0499992	245
23.0599995	230
23.0699997	180
23.0799999	210
23.0900002	215
23.1000004	195
23.1100006	180
23.1200008	200
23.1299992	229
23.1399994	199
23.1499996	169
23.1599998	204
23.1700001	179
23.1800003	194
23.1900005	184
23.2000008	199
23.2099991	219
23.2199993	209
23.2299995	179
23.2399998	223
23.25	203
23.2600002	149
23.2700005	164
23.2800007	238
23.2900009	193
23.2999992	178
23.3099995	208
23.3199997	203
23.3299999	218
23.3400002	203
23.3500004	252
23.3600006	133
23.3700008	202
23.3799992	202
23.3899994	227
23.3999996	178
23.4099998	237
23.4200001	217
23.4300003	177
23.4400005	197
23.4500008	177
23.4599991	207
23.4699993	148
23.4799995	187
23.4899998	201
23.5	201
23.5100002	236
23.5200005	191
23.5300007	240
23.5400009	176
23.5499992	211
23.5599995	250
23.5699997	235
23.5799999	196
23.5900002	210
23.6000004	215
23.6100006	225
23.6200008	151
23.6299992	239
23.6399994	215
23.6499996	146
23.6599998	215
23.6700001	176
23.6800003	253
23.6900005	166
23.7000008	195
23.7099991	185
23.7199993	204
23.7299995	209
23.7399998	146
23.75	267
23.7600002	209
23.7700005	257
23.7800007	175
23.7900009	238
23.7999992	145
23.8099995	208
23.8199997	237
23.8299999	170
23.8400002	140
23.8500004	198
23.8600006	203
23.8700008	227
23.8799992	213
23.8899994	174
23.8999996	251
23.9099998	222
23.9200001	188
23.9300003	232
23.9400005	227
23.9500008	236
23.9599991	198
23.9699993	236
23.9799995	159
23.9899998	188
24	159
24.0100002	207
24.0200005	264
24.0300007	226
24.0400009	206
24.0499992	178
24.0599995	182
24.0699997	197
24.0799999	182
24.0900002	225
24.1000004	225
24.1100006	148
24.1200008	187
24.1299992	220
24.1399994	167
24.1499996	196
24.1599998	196
24.1700001	239
24.1800003	196
24.1900005	205
24.2000008	200
24.2099991	186
24.2199993	210
24.2299995	229
24.2399998	186
24.25	171
24.2600002	157
24.2700005	186
24.2800007	176
24.2900009	176
24.2999992	143
24.3099995	223
24.3199997	223
24.3299999	256
24.3400002	138
24.3500004	199
24.3600006	147
24.3700008	223
24.3799992	223
24.3899994	213
24.3999996	227
24.4099998	241
24.4200001	227
24.4300003	208
24.4400005	165
24.4500008	260
24.4599991	241
24.4699993	146
24.4799995	222
24.4899998	236
24.5	127
24.5100002	174
24.5200005	188
24.5300007	231
24.5400009	212
24.5499992	212
24.5599995	197
24.5699997	216
24.5799999	240
24.5900002	197
24.6000004	178
24.6100006	249
24.6200008	141
24.6299992	230
24.6399994	178
24.6499996	211
24.6599998	192
24.6700001	197
24.6800003	178
24.6900005	299
24.7000008	182
24.7099991	215
24.7199993	206
24.7299995	191
24.7399998	205
24.75	219
24.7600002	177
24.7700005	219
24.7800007	186
24.7900009	210
24.7999992	196
24.8099995	214
24.8199997	205
24.8299999	181
24.8400002	205
24.8500004	186
24.8600006	209
24.8700008	200
24.8799992	237
24.8899994	260
24.8999996	158
24.9099998	213
24.9200001	158
24.9300003	208
24.9400005	232
24.9500008	231
24.9599991	171
24.9699993	190
24.9799995	199
24.9899998	162
25	226
25.0100002	236
25.0200005	189
25.0300007	189
25.0400009	263
25.0499992	217
25.0599995	230
25.0699997	230
25.0799999	212
25.0900002	239
25.1000004	221
25.1100006	179
25.1200008	193
25.1299992	161
25.1399994	211
25.1499996	239
25.1599998	170
25.1700001	151
25.1800003	252
25.1900005	188
25.2000008	206
25.2099991	225
25.2199993	179
25.2299995	211
25.2399998	206
25.25	210
25.2600002	238
25.2700005	219
25.2800007	260
25.2900009	274
25.2999992	187
25.3099995	196
25.3199997	205
25.3299999	274
25.3400002	219
25.3500004	223
25.3600006	196
25.3700008	237
25.3799992	205
25.3899994	191
25.3999996	250
25.4099998	232
25.4200001	218
25.4300003	195
25.4400005	186
25.4500008	209
25.4599991	177
25.4699993	263
25.4799995	263
25.4899998	190
25.5	222
25.5100002	217
25.5200005	235
25.5300007	154
25.5400009	190
25.5499992	235
25.5599995	226
25.5699997	172
25.5799999	190
25.5900002	208
25.6000004	190
25.6100006	217
25.6200008	235
25.6299992	212
25.6399994	180
25.6499996	167
25.6599998	203
25.6700001	185
25.6800003	234
25.6900005	247
25.7000008	193
25.7099991	207
25.7199993	207
25.7299995	211
25.7399998	274
25.75	229
25.7600002	238
25.7700005	233
25.7800007	224
25.7900009	215
25.7999992	202
25.8099995	215
25.8199997	242
25.8299999	233
25.8400002	197
25.8500004	183
25.8600006	228
25.8700008	255
25.8799992	192
25.8899994	237
25.8999996	245
25.9099998	268
25.9200001	250
25.9300003	218
25.9400005	156
25.9500008	227
25.9599991	200
25.9699993	231
25.9799995	205
25.9899998	222
26	271
26.0100002	276
26.0200005	218
26.0300007	240
26.0400009	253
26.0499992	271
26.0599995	182
26.0699997	208
26.0799999	230
26.0900002	217
26.1000004	279
26.1100006	199
26.1200008	190
26.1299992	265
26.1399994	248
26.1499996	212
26.1599998	217
26.1700001	256
26.1800003	256
26.1900005	194
26.2000008	234
26.2099991	203
26.2199993	225
26.2299995	260
26.2399998	225
26.25	220
26.2600002	260
26.2700005	216
26.2800007	273
26.2900009	237
26.2999992	220
26.3099995	255
26.3199997	303
26.3299999	211
26.3400002	285
26.3500004	233
26.3600006	228
26.3700008	215
26.3799992	232
26.3899994	254
26.3999996	236
26.4099998	298
26.4200001	236
26.4300003	267
26.4400005	232
26.4500008	219
26.4599991	253
26.4699993	275
26.4799995	271
26.4899998	297
26.5	288
26.5100002	249
26.5200005	262
26.5300007	253
26.5400009	257
26.5499992	257
26.5599995	244
26.5699997	252
26.5799999	318
26.5900002	296
26.6000004	243
26.6100006	239
26.6200008	304
26.6299992	330
26.6399994	304
26.6499996	234
26.6599998	291
26.6700001	273
26.6800003	277
26.6900005	342
26.7000008	273
26.7099991	229
26.7199993	312
26.7299995	234
26.7399998	324
26.75	307
26.7600002	259
26.7700005	307
26.7800007	268
26.7900009	384
26.7999992	341
26.8099995	276
26.8199997	267
26.8299999	272
26.8400002	340
26.8500004	258
26.8600006	263
26.8700008	284
26.8799992	443
26.8899994	310
26.8999996	331
26.9099998	335
26.9200001	331
26.9300003	361
26.9400005	348
26.9500008	305
26.9599991	369
26.9699993	377
26.9799995	356
26.9899998	347
27	356
27.0100002	377
27.0200005	390
27.0300007	364
27.0400009	346
27.0499992	359
27.0599995	355
27.0699997	376
27.0799999	350
27.0900002	363
27.1000004	384
27.1100006	401
27.1200008	341
27.1299992	337
27.1399994	418
27.1499996	405
27.1599998	451
27.1700001	451
27.1800003	417
27.1900005	442
27.2000008	378
27.2099991	438
27.2199993	455
27.2299995	395
27.2399998	476
27.25	378
27.2600002	471
27.2700005	492
27.2800007	433
27.2900009	394
27.2999992	466
27.3099995	445
27.3199997	487
27.3299999	478
27.3400002	432
27.3500004	448
27.3600006	410
27.3700008	414
27.3799992	477
27.3899994	405
27.3999996	481
27.4099998	511
27.4200001	464
27.4300003	510
27.4400005	447
27.4500008	502
27.4599991	522
27.4699993	594
27.4799995	543
27.4899998	459
27.5	505
27.5100002	458
27.5200005	513
27.5300007	509
27.5400009	542
27.5499992	668
27.5599995	588
27.5699997	554
27.5799999	600
27.5900002	621
27.6000004	595
27.6100006	658
27.6200008	712
27.6299992	683
27.6399994	645
27.6499996	728
27.6599998	590
27.6700001	623
27.6800003	644
27.6900005	715
27.7000008	769
27.7099991	739
27.7199993	814
27.7299995	697
27.7399998	672
27.75	792
27.7600002	784
27.7700005	788
27.7800007	650
27.7900009	904
27.7999992	787
27.8099995	820
27.8199997	919
27.8299999	819
27.8400002	902
27.8500004	1001
27.8600006	897
27.8700008	1009
27.8799992	1013
27.8899994	1037
27.8999996	1025
27.9099998	1086
27.9200001	1036
27.9300003	1061
27.9400005	1127
27.9500008	1164
27.9599991	1176
27.9699993	1299
27.9799995	1382
27.9899998	1278
28	1393
28.0100002	1446
28.0200005	1537
28.0300007	1540
28.0400009	1478
28.0499992	1597
28.0599995	1617
28.0699997	1629
28.0799999	1719
28.0900002	1706
28.1000004	1940
28.1100006	2063
28.1200008	2223
28.1299992	2259
28.1399994	2164
28.1499996	2582
28.1599998	2660
28.1700001	2753
28.1800003	2789
28.1900005	3137
28.2000008	3230
28.2099991	3484
28.2199993	3684
28.2299995	3645
28.2399998	4214
28.25	4454
28.2600002	4633
28.2700005	5237
28.2800007	5481
28.2900009	6081
28.2999992	6246
28.3099995	7144
28.3199997	7215
28.3299999	8054
28.3400002	8370
28.3500004	9331
28.3600006	10095
28.3700008	10361
28.3799992	11891
28.3899994	12544
28.3999996	13518
28.4099998	14426
28.4200001	15704
28.4300003	17254
28.4400005	18022
28.4500008	19481
28.4599991	20369
28.4699993	22115
28.4799995	23205
28.4899998	23940
28.5	25102
28.5100002	26616
28.5200005	26997
28.5300007	28096
28.5400009	29129
28.5499992	29200
28.5599995	30309
28.5699997	30440
28.5799999	30381
28.5900002	30431
28.6000004	29494
28.6100006	29743
28.6200008	28559
28.6299992	28452
28.6399994	27222
28.6499996	26881
28.6599998	25397
28.6700001	24270
28.6800003	23288
28.6900005	21674
28.7000008	20537
28.7099991	19405
28.7199993	18059
28.7299995	17106
28.7399998	15283
28.75	14911
28.7600002	14206
28.7700005	12542
28.7800007	11729
28.7900009	10897
28.7999992	10061
28.8099995	9032
28.8199997	8812
28.8299999	8106
28.8400002	7357
28.8500004	6812
28.8600006	6593
28.8700008	5977
28.8799992	5309
28.8899994	4927
28.8999996	4945
28.9099998	4254
28.9200001	3973
28.9300003	3851
28.9400005	3558
28.9500008	3481
28.9599991	3131
28.9699993	2875
28.9799995	2642
28.9899998	2597
29	2764
29.0100002	2316
29.0200005	2307
29.0300007	2278
29.0400009	2022
29.0499992	1966
29.0599995	1845
29.0699997	1670
29.0799999	1701
29.0900002	1613
29.1000004	1708
29.1100006	1667
29.1200008	1599
29.1299992	1459
29.1399994	1439
29.1499996	1415
29.1599998	1414
29.1700001	1366
29.1800003	1187
29.1900005	1099
29.2000008	1095
29.2099991	1130
29.2199993	1158
29.2299995	1050
29.2399998	895
29.25	1081
29.2600002	946
29.2700005	851
29.2800007	938
29.2900009	1044
29.2999992	977
29.3099995	901
29.3199997	830
29.3299999	810
29.3400002	817
29.3500004	778
29.3600006	781
29.3700008	749
29.3799992	682
29.3899994	792
29.3999996	784
29.4099998	599
29.4200001	752
29.4300003	705
29.4400005	701
29.4500008	810
29.4599991	531
29.4699993	688
29.4799995	621
29.4899998	597
29.5	613
29.5100002	609
29.5200005	577
29.5300007	596
29.5400009	635
29.5499992	580
29.5599995	514
29.5699997	517
29.5799999	588
29.5900002	533
29.6000004	528
29.6100006	513
29.6200008	485
29.6299992	524
29.6399994	465
29.6499996	512
29.6599998	395
29.6700001	449
29.6800003	492
29.6900005	484
29.7000008	406
29.7099991	441
29.7199993	487
29.7299995	479
29.7399998	468
29.75	440
29.7600002	471
29.7700005	401
29.7800007	424
29.7900009	463
29.7999992	474
29.8099995	358
29.8199997	470
29.8299999	412
29.8400002	435
29.8500004	349
29.8600006	345
29.8700008	353
29.8799992	337
29.8899994	388
29.8999996	364
29.9099998	368
29.9200001	430
29.9300003	279
29.9400005	383
29.9500008	399
29.9599991	325
29.9699993	325
29.9799995	329
29.9899998	301
30	309
30.0100002	297
30.0200005	355
30.0300007	390
30.0400009	355
30.0499992	305
30.0599995	281
30.0699997	324
30.0799999	297
30.0900002	277
30.1000004	331
30.1100006	312
30.1200008	308
30.1299992	292
30.1399994	296
30.1499996	308
30.1599998	315
30.1700001	350
30.1800003	323
30.1900005	319
30.2000008	307
30.2099991	234
30.2199993	280
30.2299995	276
30.2399998	314
30.25	307
30.2600002	272
30.2700005	280
30.2800007	299
30.2900009	283
30.2999992	287
30.3099995	279
30.3199997	287
30.3299999	264
30.3400002	283
30.3500004	287
30.3600006	283
30.3700008	256
30.3799992	218
30.3899994	225
30.3999996	252
30.4099998	278
30.4200001	248
30.4300003	267
30.4400005	301
30.4500008	255
30.4599991	206
30.4699993	255
30.4799995	282
30.4899998	304
30.5	274
30.5100002	239
30.5200005	285
30.5300007	205
30.5400009	258
30.5499992	243
30.5599995	231
30.5699997	322
30.5799999	250
30.5900002	208
30.6000004	265
30.6100006	239
30.6200008	265
30.6299992	299
30.6399994	227
30.6499996	235
30.6599998	216
30.6700001	223
30.6800003	223
30.6900005	223
30.7000008	234
30.7099991	257
30.7199993	264
30.7299995	234
30.7399998	257
30.75	230
30.7600002	226
30.7700005	249
30.7800007	256
30.7900009	241
30.7999992	249
30.8099995	245
30.8199997	286
30.8299999	229
30.8400002	226
30.8500004	207
30.8600006	222
30.8700008	218
30.8799992	248
30.8899994	214
30.8999996	270
30.9099998	259
30.9200001	244
30.9300003	259
30.9400005	262
30.9500008	229
30.9599991	296
30.9699993	243
30.9799995	236
30.9899998	240
31	236
31.0100002	232
31.0200005	307
31.0300007	232
31.0400009	217
31.0499992	213
31.0599995	224
31.0699997	246
31.0799999	213
31.0900002	228
31.1000004	276
31.1100006	242
31.1200008	179
31.1299992	246
31.1399994	287
31.1499996	279
31.1599998	212
31.1700001	175
31.1800003	260
31.1900005	219
31.2000008	234
31.2099991	204
31.2199993	268
31.2299995	223
31.2399998	223
31.25	275
31.2600002	226
31.2700005	223
31.2800007	267
31.2900009	200
31.2999992	256
31.3099995	245
31.3199997	248
31.3299999	204
31.3400002	230
31.3500004	237
31.3600006	211
31.3700008	263
31.3799992	233
31.3899994	244
31.3999996	181
31.4099998	222
31.4200001	225
31.4300003	244
31.4400005	214
31.4500008	214
31.4599991	269
31.4699993	295
31.4799995	236
31.4899998	258
31.5	287
31.5100002	225
31.5200005	254
31.5300007	228
31.5400009	239
31.5499992	261
31.5599995	228
31.5699997	235
31.5799999	276
31.5900002	242
31.6000004	272
31.6100006	239
31.6200008	264
31.6299992	239
31.6399994	268
31.6499996	227
31.6599998	227
31.6700001	220
31.6800003	223
31.6900005	249
31.7000008	205
31.7099991	245
31.7199993	234
31.7299995	245
31.7399998	289
31.75	230
31.7600002	267
31.7700005	252
31.7800007	183
31.7900009	234
31.7999992	252
31.8099995	244
31.8199997	263
31.8299999	248
31.8400002	241
31.8500004	259
31.8600006	251
31.8700008	219
31.8799992	244
31.8899994	277
31.8999996	284
31.9099998	207
31.9200001	240
31.9300003	244
31.9400005	276
31.9500008	214
31.9599991	298
31.9699993	272
31.9799995	250
31.9899998	312
32	265
32.0099983	232
32.0200005	297
32.0299988	268
32.0400009	286
32.0499992	283
32.0600014	253
32.0699997	272
32.0800018	246
32.0900002	257
32.0999985	311
32.1100006	264
32.1199989	271
32.1300011	242
32.1399994	322
32.1500015	300
32.1599998	292
32.1699982	292
32.1800003	310
32.1899986	271
32.2000008	252
32.2099991	310
32.2200012	299
32.2299995	346
32.2400017	342
32.25	299
32.2599983	400
32.2700005	360
32.2799988	349
32.2900009	334
32.2999992	349
32.3100014	352
32.3199997	320
32.3300018	417
32.3400002	377
32.3499985	334
32.3600006	398
32.3699989	380
32.3800011	438
32.3899994	394
32.4000015	380
32.4099998	365
32.4199982	373
32.4300003	451
32.4399986	408
32.4500008	344
32.4599991	426
32.4700012	444
32.4799995	476
32.4900017	458
32.5	561
32.5099983	486
32.5200005	500
32.5299988	564
32.5400009	503
32.5499992	507
32.5600014	621
32.5699997	603
32.5800018	545
32.5900002	542
32.5999985	595
32.6100006	641
32.6199989	595
32.6300011	691
32.6399994	779
32.6500015	712
32.6599998	829
32.6699982	846
32.6800003	938
32.6899986	903
32.7000008	931
32.7099991	987
32.7200012	1083
32.7299995	1090
32.7400017	1118
32.75	1142
32.7599983	1241
32.7700005	1340
32.7799988	1467
32.7900009	1456
32.7999992	1580
32.8100014	1611
32.8199997	1791
32.8300018	1748
32.8400002	2126
32.8499985	2087
32.8600006	2266
32.8699989	2375
32.8800011	2689
32.8899994	2670
32.9000015	3009
32.9099998	3453
32.9199982	3780
32.9300003	3641
32.9399986	4187
32.9500008	4394
32.9599991	4752
32.9700012	4881
32.9799995	5358
32.9900017	5614
33	6000
33.0099983	6082
33.0200005	6355
33.0299988	6965
33.0400009	7382
33.0499992	7439
33.0600014	7673
33.0699997	7614
33.0800018	7858
33.0900002	8193
33.0999985	8278
33.1100006	8374
33.1199989	8347
33.1300011	8390
33.1399994	8163
33.1500015	8066
33.1599998	8144
33.1699982	7427
33.1800003	7607
33.1899986	7276
33.2000008	6969
33.2099991	6610
33.2200012	6167
33.2299995	5700
33.2400017	5790
33.25	5428
33.2599983	5224
33.2700005	4779
33.2799988	4529
33.2900009	4427
33.2999992	4024
33.3100014	3866
33.3199997	3648
33.3300018	3344
33.3400002	3001
33.3499985	2781
33.3600006	2596
33.3699989	2306
33.3800011	2350
33.3899994	2106
33.4000015	1956
33.4099998	1920
33.4199982	1704
33.4300003	1749
33.4399986	1474
33.4500008	1435
33.4599991	1226
33.4700012	1323
33.4799995	1062
33.4900017	1086
33.5	1037
33.5099983	961
33.5200005	968
33.5299988	936
33.5400009	950
33.5499992	825
33.5600014	876
33.5699997	717
33.5800018	644
33.5900002	723
33.5999985	557
33.6100006	595
33.6199989	550
33.6300011	615
33.6399994	570
33.6500015	573
33.6599998	549
33.6699982	473
33.6800003	542
33.6899986	556
33.7000008	455
33.7099991	479
33.7200012	472
33.7299995	424
33.7400017	434
33.75	382
33.7599983	427
33.7700005	427
33.7799988	458
33.7900009	354
33.7999992	375
33.8100014	385
33.8199997	330
33.8300018	406
33.8400002	340
33.8499985	330
33.8600006	340
33.8699989	268
33.8800011	319
33.8899994	353
33.9000015	333
33.9099998	298
33.9199982	339
33.9300003	315
33.9399986	325
33.9500008	277
33.9599991	336
33.9700012	301
33.9799995	281
33.9900017	308
34	301
34.0099983	311
34.0200005	209
34.0299988	277
34.0400009	325
34.0499992	249
34.0600014	253
34.0699997	307
34.0800018	266
34.0900002	280
34.0999985	215
34.1100006	245
34.1199989	242
34.1300011	221
34.1399994	235
34.1500015	238
34.1599998	259
34.1699982	265
34.1800003	252
34.1899986	218
34.2000008	282
34.2099991	262
34.2200012	241
34.2299995	221
34.2400017	224
34.25	173
34.2599983	214
34.2700005	204
34.2799988	288
34.2900009	258
34.2999992	183
34.3100014	193
34.3199997	203
34.3300018	227
34.3400002	203
34.3499985	200
34.3600006	186
34.3699989	203
34.3800011	200
34.3899994	179
34.4000015	200
34.4099998	220
34.4199982	213
34.4300003	203
34.4399986	223
34.4500008	182
34.4599991	199
34.4700012	192
34.4799995	179
34.4900017	206
34.5	199
34.5099983	199
34.5200005	192
34.5299988	185
34.5400009	202
34.5499992	168
34.5600014	202
34.5699997	151
34.5800018	185
34.5900002	205
34.5999985	225
34.6100006	175
34.6199989	175
34.6300011	175
34.6399994	202
34.6500015	165
34.6599998	175
34.6699982	198
34.6800003	161
34.6899986	205
34.7000008	178
34.7099991	171
34.7200012	208
34.7299995	208
34.7400017	188
34.75	191
34.7599983	204
34.7700005	214
34.7799988	231
34.7900009	184
34.7999992	171
34.8100014	207
34.8199997	150
34.8300018	150
34.8400002	224
34.8499985	154
34.8600006	184
34.8699989	207
34.8800011	177
34.8899994	177
34.9000015	183
34.9099998	177
34.9199982	177
34.9300003	147
34.9399986	167
34.9500008	180
34.9599991	160
34.9700012	160
34.9799995	173
34.9900017	170
35	150
35.0099983	193
35.0200005	173
35.0299988	143
35.0400009	143
35.0499992	163
35.0600014	183
35.0699997	136
35.0800018	169
35.0900002	166
35.0999985	149
35.1100006	172
35.1199989	156
35.1300011	142
35.1399994	139
35.1500015	179
35.1599998	139
35.1699982	179
35.1800003	156
35.1899986	139
35.2000008	149
35.2099991	162
35.2200012	165
35.2299995	165
35.2400017	205
35.25	159
35.2599983	149
35.2700005	175
35.2799988	139
35.2900009	172
35.2999992	165
35.3100014	168
35.3199997	198
35.3300018	135
35.3400002	112
35.3499985	184
35.3600006	165
35.3699989	168
35.3800011	168
35.3899994	155
35.4000015	118
35.4099998	164
35.4199982	141
35.4300003	217
35.4399986	125
35.4500008	122
35.4599991	125
35.4700012	144
35.4799995	141
35.4900017	171
35.5	180
35.5099983	108
35.5200005	138
35.5299988	138
35.5400009	138
35.5499992	131
35.5600014	115
35.5699997	154
35.5800018	137
35.5900002	200
35.5999985	111
35.6100006	124
35.6199989	170
35.6300011	141
35.6399994	154
35.6500015	134
35.6599998	131
35.6699982	170
35.6800003	170
35.6899986	131
35.7000008	144
35.7099991	127
35.7200012	160
35.7299995	173
35.7400017	121
35.75	173
35.7599983	134
35.7700005	150
35.7799988	176
35.7900009	212
35.7999992	153
35.8100014	153
35.8199997	182
35.8300018	153
35.8400002	182
35.8499985	130
35.8600006	166
35.8699989	156
35.8800011	169
35.8899994	140
35.9000015	178
35.9099998	94
35.9199982	159
35.9300003	133
35.9399986	110
35.9500008	110
35.9599991	130
35.9700012	146
35.9799995	120
35.9900017	159
36	107
36.0099983	139
36.0200005	175
36.0299988	181
36.0400009	126
36.0499992	139
36.0600014	136
36.0699997	152
36.0800018	129
36.0900002	161
36.0999985	113
36.1100006	174
36.1199989	148
36.1300011	135
36.1399994	158
36.1500015	187
36.1599998	145
36.1699982	168
36.1800003	177
36.1899986	142
36.2000008	151
36.2099991	122
36.2200012	132
36.2299995	164
36.2400017	132
36.25	135
36.2599983	161
36.2700005	96
36.2799988	141
36.2900009	161
36.2999992	154
36.3100014	119
36.3199997	148
36.3300018	157
36.3400002	138
36.3499985	154
36.3600006	125
36.3699989	115
36.3800011	173
36.3899994	138
36.4000015	160
36.4099998	141
36.4199982	186
36.4300003	128
36.4399986	144
36.4500008	134
36.4599991	141
36.4700012	125
36.4799995	128
36.4900017	150
36.5	144
36.5099983	102
36.5200005	128
36.5299988	163
36.5400009	140
36.5499992	137
36.5600014	153
36.5699997	140
36.5800018	150
36.5900002	140
36.5999985	146
36.6100006	105
36.6199989	140
36.6300011	153
36.6399994	124
36.6500015	127
36.6599998	130
36.6699982	134
36.6800003	153
36.6899986	124
36.7000008	133
36.7099991	117
36.7200012	149
36.7299995	162
36.7400017	117
36.75	108
36.7599983	114
36.7700005	146
36.7799988	130
36.7900009	152
36.7999992	152
36.8100014	174
36.8199997	136
36.8300018	95
36.8400002	130
36.8499985	136
36.8600006	164
36.8699989	130
36.8800011	155
36.8899994	149
36.9000015	142
36.9099998	120
36.9199982	167
36.9300003	120
36.9399986	129
36.9500008	129
36.9599991	133
36.9700012	91
36.9799995	151
36.9900017	126
37	110
37.0099983	132
37.0200005	117
37.0299988	123
37.0400009	94
37.0499992	129
37.0600014	110
37.0699997	154
37.0800018	142
37.0900002	160
37.0999985	132
37.1100006	160
37.1199989	148
37.1300011	132
37.1399994	126
37.1500015	138
37.1599998	166
37.1699982	135
37.1800003	141
37.1899986	151
37.2000008	144
37.2099991	116
37.2200012	135
37.2299995	172
37.2400017	103
37.25	132
37.2599983	160
37.2700005	141
37.2799988	135
37.2900009	166
37.2999992	147
37.3100014	119
37.3199997	159
37.3300018	119
37.3400002	119
37.3499985	172
37.3600006	165
37.3699989	137
37.3800011	159
37.3899994	140
37.4000015	156
37.4099998	156
37.4199982	147
37.4300003	109
37.4399986	93
37.4500008	125
37.4599991	181
37.4700012	134
37.4799995	149
37.4900017	121
37.5	156
37.5099983	103
37.5200005	162
37.5299988	155
37.5400009	87
37.5499992	127
37.5600014	103
37.5699997	134
37.5800018	146
37.5900002	121
37.5999985	140
37.6100006	146
37.6199989	124
37.6300011	112
37.6399994	155
37.6500015	81
37.6599998	127
37.6699982	142
37.6800003	149
37.6899986	136
37.7000008	142
37.7099991	124
37.7200012	142
37.7299995	139
37.7400017	136
37.75	145
37.7599983	83
37.7700005	117
37.7799988	120
37.7900009	130
37.7999992	167
37.8100014	120
37.8199997	127
37.8300018	160
37.8400002	151
37.8499985	120
37.8600006	139
37.8699989	133
37.8800011	163
37.8899994	114
37.9000015	120
37.9099998	123
37.9199982	114
37.9300003	129
37.9399986	126
37.9500008	138
37.9599991	129
37.9700012	105
37.9799995	132
37.9900017	126
38	138
38.0099983	107
38.0200005	141
38.0299988	138
38.0400009	114
38.0499992	120
38.0600014	132
38.0699997	104
38.0800018	116
38.0900002	141
38.0999985	116
38.1100006	129
38.1199989	138
38.1300011	110
38.1399994	187
38.1500015	110
38.1599998	95
38.1699982	116
38.1800003	135
38.1899986	177
38.2000008	153
38.2099991	156
38.2200012	137
38.2299995	128
38.2400017	180
38.25	171
38.2599983	165
38.2700005	140
38.2799988	104
38.2900009	116
38.2999992	159
38.3100014	116
38.3199997	128
38.3300018	110
38.3400002	180
38.3499985	134
38.3600006	170
38.3699989	140
38.3800011	155
38.3899994	113
38.4000015	164
38.4099998	176
38.4199982	149
38.4300003	164
38.4399986	106
38.4500008	112
38.4599991	146
38.4700012	134
38.4799995	121
38.4900017	106
38.5	136
38.5099983	115
38.5200005	118
38.5299988	149
38.5400009	94
38.5499992	106
38.5600014	121
38.5699997	106
38.5800018	127
38.5900002	133
38.5999985	157
38.6100006	118
38.6199989	145
38.6300011	166
38.6399994	151
38.6500015	112
38.6599998	115
38.6699982	127
38.6800003	139
38.6899986	103
38.7000008	100
38.7099991	121
38.7200012	130
38.7299995	115
38.7400017	121
38.75	169
38.7599983	118
38.7700005	181
38.7799988	133
38.7900009	102
38.7999992	120
38.8100014	108
38.8199997	138
38.8300018	141
38.8400002	108
38.8499985	147
38.8600006	108
38.8699989	114
38.8800011	120
38.8899994	138
38.9000015	102
38.9099998	123
38.9199982	126
38.9300003	156
38.9399986	111
38.9500008	132
38.9599991	126
38.9700012	135
38.9799995	168
38.9900017	135
39	111
39.0099983	117
39.0200005	147
39.0299988	120
39.0400009	126
39.0499992	120
39.0600014	132
39.0699997	111
39.0800018	129
39.0900002	132
39.0999985	108
39.1100006	131
39.1199989	149
39.1300011	146
39.1399994	140
39.1500015	110
39.1599998	152
39.1699982	173
39.1800003	140
39.1899986	125
39.2000008	137
39.2099991	155
39.2200012	107
39.2299995	140
39.2400017	101
39.25	92
39.2599983	122
39.2700005	140
39.2799988	128
39.2900009	98
39.2999992	178
39.3100014	89
39.3199997	119
39.3300018	128
39.3400002	137
39.3499985	110
39.3600006	178
39.3699989	125
39.3800011	137
39.3899994	142
39.4000015	154
39.4099998	107
39.4199982	133
39.4300003	127
39.4399986	142
39.4500008	139
39.4599991	130
39.4700012	157
39.4799995	113
39.4900017	133
39.5	136
39.5099983	139
39.5200005	157
39.5299988	118
39.5400009	101
39.5499992	148
39.5600014	112
39.5699997	160
39.5800018	142
39.5900002	124
39.5999985	118
39.6100006	136
39.6199989	118
39.6300011	180
39.6399994	159
39.6500015	121
39.6599998	130
39.6699982	124
39.6800003	91
39.6899986	150
39.7000008	133
39.7099991	124
39.7200012	132
39.7299995	132
39.7400017	100
39.75	150
39.7599983	121
39.7700005	112
39.7799988	135
39.7900009	112
39.7999992	120
39.8100014	91
39.8199997	162
39.8300018	114
39.8400002	120
39.8499985	147
39.8600006	114
39.8699989	97
39.8800011	152
39.8899994	132
39.9000015	123
39.9099998	120
39.9199982	111
39.9300003	161
39.9399986	88
39.9500008	135
39.9599991	126
39.9700012	138
39.9799995	108
39.9900017	108
40	111
40.0099983	161
40.0200005	132
40.0299988	140
40.0400009	120
40.0499992	172
40.0600014	111
40.0699997	120
40.0800018	131
40.0900002	125
40.0999985	125
40.1100006	125
40.1199989	134
40.1300011	131
40.1399994	119
40.1500015	149
40.1599998	140
40.1699982	119
40.1800003	114
40.1899986	128
40.2000008	148
40.2099991	111
40.2200012	105
40.2299995	137
40.2400017	119
40.25	128
40.2599983	122
40.2700005	125
40.2799988	171
40.2900009	134
40.2999992	142
40.3100014	116
40.3199997	119
40.3300018	131
40.3400002	165
40.3499985	145
40.3600006	113
40.3699989	139
40.3800011	75
40.3899994	119
40.4000015	148
40.4099998	153
40.4199982	119
40.4300003	104
40.4399986	110
40.4500008	93
40.4599991	133
40.4700012	98
40.4799995	121
40.4900017	116
40.5	133
40.5099983	78
40.5200005	124
40.5299988	127
40.5400009	127
40.5499992	107
40.5600014	136
40.5699997	115
40.5800018	127
40.5900002	133
40.5999985	133
40.6100006	170
40.6199989	109
40.6300011	156
40.6399994	109
40.6500015	127
40.6599998	115
40.6699982	118
40.6800003	106
40.6899986	109
40.7000008	121
40.7099991	158
40.7200012	149
40.7299995	92
40.7400017	124
40.75	141
40.7599983	115
40.7700005	121
40.7799988	103
40.7900009	132
40.7999992	141
40.8100014	132
40.8199997	146
40.8300018	129
40.8400002	97
40.8499985	103
40.8600006	115
40.8699989	143
40.8800011	143
40.8899994	129
40.9000015	117
40.9099998	149
40.9199982	140
40.9300003	174
40.9399986	132
40.9500008	123
40.9599991	154
40.9700012	126
40.9799995	140
40.9900017	140
41	143
41.0099983	123
41.0200005	148
41.0299988	140
41.0400009	154
41.0499992	148
41.0600014	117
41.0699997	123
41.0800018	123
41.0900002	145
41.0999985	128
41.1100006	131
41.1199989	148
41.1300011	154
41.1399994	120
41.1500015	108
41.1599998	142
41.1699982	122
41.1800003	94
41.1899986	114
41.2000008	136
41.2099991	134
41.2200012	94
41.2299995	102
41.2400017	99
41.25	142
41.2599983	131
41.2700005	136
41.2799988	136
41.2900009	139
41.2999992	136
41.3100014	162
41.3199997	167
41.3300018	142
41.3400002	147
41.3499985	127
41.3600006	167
41.3699989	176
41.3800011	113
41.3899994	102
41.4000015	119
41.4099998	136
41.4199982	139
41.4300003	147
41.4399986	136
41.4500008	130
41.4599991	130
41.4700012	124
41.4799995	110
41.4900017	144
41.5	167
41.5099983	152
41.5200005	107
41.5299988	135
41.5400009	116
41.5499992	73
41.5600014	113
41.5699997	99
41.5800018	93
41.5900002	146
41.5999985	110
41.6100006	138
41.6199989	124
41.6300011	149
41.6399994	172
41.6500015	143
41.6599998	129
41.6699982	101
41.6800003	166
41.6899986	121
41.7000008	146
41.7099991	160
41.7200012	118
41.7299995	146
41.7400017	129
41.75	98
41.7599983	90
41.7700005	118
41.7799988	118
41.7900009	115
41.7999992	146
41.8100014	126
41.8199997	98
41.8300018	143
41.8400002	132
41.8499985	129
41.8600006	115
41.8699989	123
41.8800011	109
41.8899994	140
41.9000015	145
41.9099998	95
41.9199982	140
41.9300003	126
41.9399986	101
41.9500008	101
41.9599991	109
41.9700012	98
41.9799995	117
41.9900017	123
42	162
42.0099983	134
42.0200005	95
42.0299988	114
42.0400009	131
42.0499992	142
42.0600014	162
42.0699997	109
42.0800018	145
42.0900002	117
42.0999985	148
42.1100006	103
42.1199989	136
42.1300011	109
42.1399994	111
42.1500015	136
42.1599998	122
42.1699982	136
42.1800003	122
42.1899986	117
42.2000008	106
42.2099991	122
42.2200012	92
42.2299995	169
42.2400017	92
42.25	117
42.2599983	133
42.2700005	119
42.2799988	128
42.2900009	119
42.2999992	155
42.3100014	141
42.3199997	111
42.3300018	172
42.3400002	119
42.3499985	136
42.3600006	127
42.3699989	116
42.3800011	136
42.3899994	124
42.4000015	130
42.4099998	152
42.4199982	180
42.4300003	113
42.4399986	105
42.4500008	133
42.4599991	97
42.4700012	163
42.4799995	110
42.4900017	168
42.5	138
42.5099983	119
42.5200005	127
42.5299988	119
42.5400009	108
42.5499992	138
42.5600014	94
42.5699997	132
42.5800018	85
42.5900002	146
42.5999985	138
42.6100006	140
42.6199989	162
42.6300011	151
42.6399994	146
42.6500015	110
42.6599998	113
42.6699982	110
42.6800003	135
42.6899986	126
42.7000008	140
42.7099991	135
42.7200012	154
42.7299995	137
42.7400017	151
42.75	102
42.7599983	154
42.7700005	123
42.7799988	132
42.7900009	110
42.7999992	121
42.8100014	93
42.8199997	142
42.8300018	153
42.8400002	110
42.8499985	107
42.8600006	134
42.8699989	126
42.8800011	145
42.8899994	118
42.9000015	142
42.9099998	112
42.9199982	153
42.9300003	87
42.9399986	128
42.9500008	112
42.9599991	142
42.9700012	109
42.9799995	112
42.9900017	153
43	128
43.0099983	125
43.0200005	115
43.0299988	150
43.0400009	117
43.0499992	134
43.0600014	147
43.0699997	112
43.0800018	133
43.0900002	139
43.0999985	147
43.1100006	144
43.1199989	125
43.1300011	131
43.1399994	144
43.1500015	125
43.1599998	147
43.1699982	114
43.1800003	133
43.1899986	122
43.2000008	136
43.2099991	109
43.2200012	168
43.2299995	138
43.2400017	111
43.25	122
43.2599983	176
43.2700005	157
43.2799988	146
43.2900009	111
43.2999992	127
43.3100014	141
43.3199997	179
43.3300018	100
43.3400002	154
43.3499985	119
43.3600006	125
43.3699989	122
43.3800011	149
43.3899994	122
43.4000015	143
43.4099998	157
43.4199982	111
43.4300003	127
43.4399986	135
43.4500008	100
43.4599991	113
43.4700012	124
43.4799995	140
43.4900017	113
43.5	140
43.5099983	121
43.5200005	116
43.5299988	132
43.5400009	127
43.5499992	156
43.5600014	124
43.5699997	135
43.5800018	135
43.5900002	148
43.5999985	140
43.6100006	148
43.6199989	102
43.6300011	140
43.6399994	151
43.6500015	156
43.6599998	116
43.6699982	132
43.6800003	129
43.6899986	132
43.7000008	105
43.7099991	134
43.7200012	115
43.7299995	113
43.7400017	132
43.75	148
43.7599983	177
43.7700005	126
43.7799988	150
43.7900009	147
43.7999992	123
43.8100014	126
43.8199997	107
43.8300018	118
43.8400002	166
43.8499985	129
43.8600006	163
43.8699989	120
43.8800011	126
43.8899994	150
43.9000015	142
43.9099998	134
43.9199982	163
43.9300003	104
43.9399986	144
43.9500008	123
43.9599991	136
43.9700012	93
43.9799995	136
43.9900017	158
44	136
44.0099983	149
44.0200005	117
44.0299988	133
44.0400009	120
44.0499992	155
44.0600014	136
44.0699997	123
44.0800018	123
44.0900002	147
44.0999985	139
44.1100006	128
44.1199989	178
44.1300011	184
44.1399994	173
44.1500015	141
44.1599998	165
44.1699982	114
44.1800003	128
44.1899986	122
44.2000008	130
44.2099991	128
44.2200012	135
44.2299995	143
44.2400017	114
44.25	154
44.2599983	157
44.2700005	143
44.2799988	135
44.2900009	125
44.2999992	186
44.3100014	143
44.3199997	127
44.3300018	125
44.3400002	146
44.3499985	117
44.3600006	151
44.3699989	124
44.3800011	148
44.3899994	130
44.4000015	132
44.4099998	138
44.4199982	135
44.4300003	138
44.4399986	135
44.4500008	151
44.4599991	106
44.4700012	153
44.4799995	148
44.4900017	153
44.5	169
44.5099983	145
44.5200005	140
44.5299988	119
44.5400009	132
44.5499992	142
44.5600014	137
44.5699997	177
44.5800018	169
44.5900002	166
44.5999985	155
44.6100006	126
44.6199989	116
44.6300011	142
44.6399994	134
44.6500015	150
44.6599998	116
44.6699982	168
44.6800003	147
44.6899986	163
44.7000008	179
44.7099991	134
44.7200012	152
44.7299995	134
44.7400017	123
44.75	155
44.7599983	142
44.7700005	131
44.7799988	168
44.7900009	144
44.7999992	155
44.8100014	97
44.8199997	134
44.8300018	110
44.8400002	189
44.8499985	173
44.8600006	157
44.8699989	165
44.8800011	147
44.8899994	144
44.9000015	173
44.9099998	165
44.9199982	157
44.9300003	144
44.9399986	128
44.9500008	183
44.9599991	136
44.9700012	146
44.9799995	159
44.9900017	165
45	133
45.0099983	149
45.0200005	162
45.0299988	175
45.0400009	144
45.0499992	149
45.0600014	193
45.0699997	188
45.0800018	203
45.0900002	154
45.0999985	162
45.1100006	125
45.1199989	185
45.1300011	149
45.1399994	167
45.1500015	154
45.1599998	190
45.1699982	154
45.1800003	138
45.1899986	112
45.2000008	182
45.2099991	135
45.2200012	122
45.2299995	185
45.2400017	161
45.25	185
45.2599983	174
45.2700005	179
45.2799988	143
45.2900009	169
45.2999992	164
45.3100014	161
45.3199997	153
45.3300018	143
45.3400002	153
45.3499985	210
45.3600006	166
45.3699989	179
45.3800011	197
45.3899994	163
45.4000015	202
45.4099998	122
45.4199982	171
45.4300003	184
45.4399986	171
45.4500008	142
45.4599991	181
45.4700012	158
45.4799995	222
45.4900017	194
45.5	171
45.5099983	191
45.5200005	217
45.5299988	171
45.5400009	199
45.5499992	186
45.5600014	194
45.5699997	142
45.5800018	194
45.5900002	163
45.5999985	145
45.6100006	191
45.6199989	222
45.6300011	196
45.6399994	173
45.6500015	160
45.6599998	183
45.6699982	180
45.6800003	198
45.6899986	180
45.7000008	157
45.7099991	175
45.7200012	196
45.7299995	203
45.7400017	203
45.75	201
45.7599983	193
45.7700005	183
45.7799988	190
45.7900009	185
45.7999992	159
45.8100014	213
45.8199997	198
45.8300018	187
45.8400002	221
45.8499985	182
45.8600006	218
45.8699989	177
45.8800011	192
45.8899994	233
45.9000015	210
45.9099998	208
45.9199982	213
45.9300003	205
45.9399986	220
45.9500008	228
45.9599991	213
45.9700012	190
45.9799995	233
45.9900017	253
46	207
46.0099983	230
46.0200005	220
46.0299988	223
46.0400009	251
46.0499992	199
46.0600014	233
46.0699997	281
46.0800018	261
46.0900002	192
46.0999985	258
46.1100006	253
46.1199989	232
46.1300011	230
46.1399994	248
46.1500015	255
46.1599998	235
46.1699982	252
46.1800003	229
46.1899986	222
46.2000008	227
46.2099991	247
46.2200012	301
46.2299995	196
46.2400017	239
46.25	280
46.2599983	277
46.2700005	277
46.2799988	252
46.2900009	321
46.2999992	249
46.3100014	295
46.3199997	297
46.3300018	262
46.3400002	262
46.3499985	280
46.3600006	279
46.3699989	234
46.3800011	287
46.3899994	315
46.4000015	277
46.4099998	345
46.4199982	320
46.4300003	345
46.4399986	320
46.4500008	363
46.4599991	309
46.4700012	302
46.4799995	312
46.4900017	342
46.5	339
46.5099983	350
46.5200005	365
46.5299988	360
46.5400009	392
46.5499992	344
46.5600014	372
46.5699997	319
46.5800018	367
46.5900002	283
46.5999985	430
46.6100006	435
46.6199989	361
46.6300011	447
46.6399994	427
46.6500015	442
46.6599998	404
46.6699982	470
46.6800003	459
46.6899986	464
46.7000008	449
46.7099991	560
46.7200012	525
46.7299995	492
46.7400017	512
46.75	539
46.7599983	544
46.7700005	489
46.7799988	496
46.7900009	529
46.7999992	602
46.8100014	612
46.8199997	657
46.8300018	669
46.8400002	694
46.8499985	667
46.8600006	661
46.8699989	676
46.8800011	709
46.8899994	782
46.9000015	731
46.9099998	741
46.9199982	831
46.9300003	859
46.9399986	844
46.9500008	956
46.9599991	991
46.9700012	951
46.9799995	1004
46.9900017	988
47	1061
47.0099983	1143
47.0200005	1121
47.0299988	1356
47.0400009	1408
47.0499992	1431
47.0600014	1438
47.0699997	1503
47.0800018	1622
47.0900002	1727
47.0999985	1847
47.1100006	1757
47.1199989	1944
47.1300011	2069
47.1399994	2263
47.1500015	2385
47.1599998	2567
47.1699982	2589
47.1800003	2874
47.1899986	3165
47.2000008	3315
47.2099991	3459
47.2200012	3843
47.2299995	4114
47.2400017	4180
47.25	4616
47.2599983	4673
47.2700005	5348
47.2799988	5693
47.2900009	6261
47.2999992	6638
47.3100014	6881
47.3199997	7346
47.3300018	7863
47.3400002	8471
47.3499985	9227
47.3600006	9499
47.3699989	10047
47.3800011	10645
47.3899994	11543
47.4000015	11593
47.4099998	12407
47.4199982	13203
47.4300003	13329
47.4399986	14403
47.4500008	14505
47.4599991	15372
47.4700012	15349
47.4799995	15770
47.4900017	16016
47.5	15978
47.5099983	16141
47.5200005	16182
47.5299988	16092
47.5400009	16471
47.5499992	15803
47.5600014	15708
47.5699997	15869
47.5800018	15028
47.5900002	14759
47.5999985	14652
47.6100006	14258
47.6199989	13470
47.6300011	13217
47.6399994	12620
47.6500015	11945
47.6599998	11744
47.6699982	10881
47.6800003	10206
47.6899986	9504
47.7000008	9331
47.7099991	8585
47.7200012	8269
47.7299995	7474
47.7400017	7033
47.75	6545
47.7599983	6356
47.7700005	5890
47.7799988	5714
47.7900009	4923
47.7999992	4771
47.8100014	4398
47.8199997	4172
47.8300018	3799
47.8400002	3707
47.8499985	3381
47.8600006	3173
47.8699989	2941
47.8800011	2748
47.8899994	2634
47.9000015	2293
47.9099998	2286
47.9199982	2083
47.9300003	2194
47.9399986	1871
47.9500008	1789
47.9599991	1769
47.9700012	1673
47.9799995	1458
47.9900017	1443
48	1394
48.0099983	1406
48.0200005	1248
48.0299988	1187
48.0400009	1265
48.0499992	1167
48.0600014	1125
48.0699997	989
48.0800018	1041
48.0900002	903
48.0999985	908
48.1100006	807
48.1199989	952
48.1300011	858
48.1399994	821
48.1500015	780
48.1599998	745
48.1699982	760
48.1800003	737
48.1899986	725
48.2000008	705
48.2099991	664
48.2200012	676
48.2299995	651
48.2400017	634
48.25	653
48.2599983	592
48.2700005	562
48.2799988	553
48.2900009	501
48.2999992	577
48.3100014	540
48.3199997	567
48.3300018	515
48.3400002	486
48.3499985	479
48.3600006	442
48.3699989	522
48.3800011	461
48.3899994	478
48.4000015	451
48.4099998	393
48.4199982	436
48.4300003	419
48.4399986	371
48.4500008	392
48.4599991	412
48.4700012	368
48.4799995	438
48.4900017	387
48.5	375
48.5099983	358
48.5200005	404
48.5299988	348
48.5400009	360
48.5499992	362
48.5600014	319
48.5699997	350
48.5800018	345
48.5900002	343
48.5999985	328
48.6100006	321
48.6199989	357
48.6300011	355
48.6399994	323
48.6500015	286
48.6599998	313
48.6699982	332
48.6800003	284
48.6899986	262
48.7000008	276
48.7099991	267
48.7200012	301
48.7299995	281
48.7400017	235
48.75	279
48.7599983	269
48.7700005	293
48.7799988	252
48.7900009	228
48.7999992	290
48.8100014	278
48.8199997	242
48.8300018	273
48.8400002	247
48.8499985	264
48.8600006	271
48.8699989	242
48.8800011	280
48.8899994	203
48.9000015	242
48.9099998	256
48.9199982	227
48.9300003	249
48.9399986	251
48.9500008	191
48.9599991	217
48.9700012	244
48.9799995	191
48.9900017	227
49	219
49.0099983	212
49.0200005	190
49.0299988	200
49.0400009	202
49.0499992	219
49.0600014	185
49.0699997	190
49.0800018	214
49.0900002	202
49.0999985	238
49.1100006	195
49.1199989	267
49.1300011	195
49.1399994	152
49.1500015	214
49.1599998	192
49.1699982	168
49.1800003	190
49.1899986	233
49.2000008	190
49.2099991	195
49.2200012	209
49.2299995	168
49.2400017	166
49.25	120
49.2599983	211
49.2700005	168
49.2799988	182
49.2900009	173
49.2999992	197
49.3100014	187
49.3199997	197
49.3300018	192
49.3400002	175
49.3499985	156
49.3600006	208
49.3699989	175
49.3800011	192
49.3899994	158
49.4000015	170
49.4099998	156
49.4199982	220
49.4300003	196
49.4399986	155
49.4500008	127
49.4599991	146
49.4700012	163
49.4799995	205
49.4900017	191
49.5	182
49.5099983	181
49.5200005	179
49.5299988	162
49.5400009	167
49.5499992	200
49.5600014	146
49.5699997	153
49.5800018	167
49.5900002	188
49.5999985	155
49.6100006	148
49.6199989	169
49.6300011	145
49.6399994	143
49.6500015	174
49.6599998	219
49.6699982	155
49.6800003	159
49.6899986	174
49.7000008	188
49.7099991	186
49.7200012	164
49.7299995	155
49.7400017	164
49.75	138
49.7599983	178
49.7700005	157
49.7799988	154
49.7900009	164
49.7999992	150
49.8100014	150
49.8199997	178
49.8300018	166
49.8400002	152
49.8499985	154
49.8600006	142
49.8699989	183
49.8800011	168
49.8899994	149
49.9000015	137
49.9099998	133
49.9199982	145
49.9300003	166
49.9399986	154
49.9500008	178
49.9599991	156
49.9700012	161
49.9799995	161
49.9900017	135
50	151
50.0099983	144
50.0200005	166
50.0299988	151
50.0400009	161
50.0499992	116
50.0600014	142
50.0699997	161
50.0800018	182
50.0900002	123
50.0999985	142
50.1100006	137
50.1199989	146
50.1300011	184
50.1399994	151
50.1500015	170
50.1599998	142
50.1699982	165
50.1800003	139
50.1899986	149
50.2000008	137
50.2099991	127
50.2200012	158
50.2299995	193
50.2400017	139
50.25	139
50.2599983	127
50.2700005	151
50.2799988	158
50.2900009	125
50.2999992	134
50.3100014	162
50.3199997	169
50.3300018	113
50.3400002	158
50.3499985	158
50.3600006	127
50.3699989	148
50.3800011	141
50.3899994	127
50.4000015	143
50.4099998	167
50.4199982	157
50.4300003	131
50.4399986	141
50.4500008	169
50.4599991	143
50.4700012	164
50.4799995	127
50.4900017	120
50.5	152
50.5099983	96
50.5200005	173
50.5299988	143
50.5400009	124
50.5499992	141
50.5600014	108
50.5699997	110
50.5800018	136
50.5900002	150
50.5999985	157
50.6100006	136
50.6199989	129
50.6300011	147
50.6399994	159
50.6500015	133
50.6599998	159
50.6699982	173
50.6800003	180
50.6899986	140
50.7000008	152
50.7099991	156
50.7200012	112
50.7299995	142
50.7400017	93
50.75	159
50.7599983	138
50.7700005	142
50.7799988	126
50.7900009	124
50.7999992	107
50.8100014	103
50.8199997	149
50.8300018	149
50.8400002	133
50.8499985	135
50.8600006	142
50.8699989	140
50.8800011	161
50.8899994	98
50.9000015	147
50.9099998	156
50.9199982	121
50.9300003	121
50.9399986	128
50.9500008	133
50.9599991	128
50.9700012	165
50.9799995	142
50.9900017	125
51	114
51.0099983	151
51.0200005	156
51.0299988	139
51.0400009	146
51.0499992	132
51.0600014	146
51.0699997	153
51.0800018	139
51.0900002	139
51.0999985	146
51.1100006	118
51.1199989	139
51.1300011	127
51.1399994	118
51.1500015	132
51.1599998	132
51.1699982	162
51.1800003	118
51.1899986	127
51.2000008	134
51.2099991	118
51.2200012	160
51.2299995	141
51.2400017	123
51.25	132
51.2599983	143
51.2700005	125
51.2799988	120
51.2900009	120
51.2999992	129
51.3100014	118
51.3199997	139
51.3300018	136
51.3400002	102
51.3499985	138
51.3600006	108
51.3699989	148
51.3800011	118
51.3899994	136
51.4000015	118
51.4099998	131
51.4199982	120
51.4300003	124
51.4399986	136
51.4500008	138
51.4599991	159
51.4700012	131
51.4799995	115
51.4900017	138
51.5	136
51.5099983	117
51.5200005	166
51.5299988	124
51.5400009	110
51.5499992	131
51.5600014	94
51.5699997	152
51.5800018	163
51.5900002	133
51.5999985	129
51.6100006	131
51.6199989	126
51.6300011	135
51.6399994	138
51.6500015	133
51.6599998	126
51.6699982	115
51.6800003	122
51.6899986	158
51.7000008	126
51.7099991	115
51.7200012	122
51.7299995	135
51.7400017	128
51.75	124
51.7599983	131
51.7700005	149
51.7799988	133
51.7900009	131
51.7999992	140
51.8100014	110
51.8199997	112
51.8300018	114
51.8400002	130
51.8499985	114
51.8600006	133
51.8699989	112
51.8800011	146
51.8899994	142
51.9000015	117
51.9099998	105
51.9199982	153
51.9300003	128
51.9399986	107
51.9500008	130
51.9599991	144
51.9700012	132
51.9799995	119
51.9900017	123
52	114
52.0099983	114
52.0200005	139
52.0299988	135
52.0400009	134
52.0499992	114
52.0600014	137
52.0699997	146
52.0800018	109
52.0900002	132
52.0999985	98
52.1100006	137
52.1199989	75
52.1300011	168
52.1399994	116
52.1500015	123
52.1599998	136
52.1699982	121
52.1800003	166
52.1899986	130
52.2000008	125
52.2099991	130
52.2200012	155
52.2299995	107
52.2400017	164
52.25	141
52.2599983	150
52.2700005	125
52.2799988	120
52.2900009	127
52.2999992	154
52.3100014	141
52.3199997	136
52.3300018	107
52.3400002	166
52.3499985	97
52.3600006	147
52.3699989	165
52.3800011	134
52.3899994	136
52.4000015	147
52.4099998	113
52.4199982	145
52.4300003	120
52.4399986	143
52.4500008	111
52.4599991	118
52.4700012	118
52.4799995	154
52.4900017	120
52.5	147
52.5099983	138
52.5200005	127
52.5299988	122
52.5400009	131
52.5499992	145
52.5600014	142
52.5699997	131
52.5800018	147
52.5900002	144
52.5999985	115
52.6100006	140
52.6199989	126
52.6300011	169
52.6399994	156
52.6500015	129
52.6599998	138
52.6699982	140
52.6800003	124
52.6899986	128
52.7000008	140
52.7099991	101
52.7200012	128
52.7299995	119
52.7400017	119
52.75	106
52.7599983	128
52.7700005	131
52.7799988	151
52.7900009	155
52.7999992	160
52.8100014	144
52.8199997	126
52.8300018	112
52.8400002	121
52.8499985	119
52.8600006	139
52.8699989	137
52.8800011	115
52.8899994	153
52.9000015	141
52.9099998	132
52.9199982	126
52.9300003	182
52.9399986	128
52.9500008	121
52.9599991	166
52.9700012	121
52.9799995	143
52.9900017	137
53	123
53.0099983	130
53.0200005	119
53.0299988	137
53.0400009	116
53.0499992	134
53.0600014	130
53.0699997	148
53.0800018	107
53.0900002	130
53.0999985	110
53.1100006	150
53.1199989	148
53.1300011	161
53.1399994	130
53.1500015	132
53.1599998	118
53.1699982	139
53.1800003	114
53.1899986	109
53.2000008	165
53.2099991	127
53.2200012	165
53.2299995	121
53.2400017	127
53.25	123
53.2599983	190
53.2700005	134
53.2799988	134
53.2900009	125
53.2999992	132
53.3100014	149
53.3199997	129
53.3300018	154
53.3400002	125
53.3499985	158
53.3600006	120
53.3699989	158
53.3800011	127
53.3899994	120
53.4000015	142
53.4099998	151
53.4199982	129
53.4300003	151
53.4399986	171
53.4500008	118
53.4599991	118
53.4700012	122
53.4799995	111
53.4900017	151
53.5	136
53.5099983	167
53.5200005	133
53.5299988	138
53.5400009	124
53.5499992	151
53.5600014	138
53.5699997	138
53.5800018	153
53.5900002	133
53.5999985	100
53.6100006	129
53.6199989	142
53.6300011	157
53.6399994	137
53.6500015	126
53.6599998	126
53.6699982	148
53.6800003	155
53.6899986	135
53.7000008	155
53.7099991	164
53.7200012	139
53.7299995	159
53.7400017	135
53.75	179
53.7599983	144
53.7700005	139
53.7799988	159
53.7900009	133
53.7999992	141
53.8100014	141
53.8199997	130
53.8300018	141
53.8400002	172
53.8499985	170
53.8600006	185
53.8699989	137
53.8800011	146
53.8899994	163
53.9000015	148
53.9099998	130
53.9199982	163
53.9300003	123
53.9399986	198
53.9500008	143
53.9599991	145
53.9700012	161
53.9799995	159
53.9900017	181
54	148
54.0099983	152
54.0200005	123
54.0299988	150
54.0400009	141
54.0499992	165
54.0600014	145
54.0699997	130
54.0800018	145
54.0900002	167
54.0999985	119
54.1100006	158
54.1199989	123
54.1300011	171
54.1399994	158
54.1500015	141
54.1599998	167
54.1699982	156
54.1800003	152
54.1899986	149
54.2000008	130
54.2099991	162
54.2200012	180
54.2299995	162
54.2400017	127
54.25	134
54.2599983	182
54.2700005	149
54.2799988	160
54.2900009	138
54.2999992	160
54.3100014	164
54.3199997	175
54.3300018	184
54.3400002	191
54.3499985	134
54.3600006	158
54.3699989	164
54.3800011	208
54.3899994	162
54.4000015	168
54.4099998	166
54.4199982	188
54.4300003	171
54.4399986	195
54.4500008	175
54.4599991	197
54.4700012	168
54.4799995	199
54.4900017	194
54.5	170
54.5099983	164
54.5200005	175
54.5299988	190
54.5400009	166
54.5499992	192
54.5600014	196
54.5699997	144
54.5800018	177
54.5900002	181
54.5999985	174
54.6100006	174
54.6199989	172
54.6300011	170
54.6399994	166
54.6500015	192
54.6599998	176
54.6699982	142
54.6800003	189
54.6899986	163
54.7000008	183
54.7099991	187
54.7200012	181
54.7299995	189
54.7400017	183
54.75	181
54.7599983	200
54.7700005	159
54.7799988	187
54.7900009	200
54.7999992	215
54.8100014	211
54.8199997	180
54.8300018	254
54.8400002	232
54.8499985	198
54.8600006	180
54.8699989	202
54.8800011	234
54.8899994	206
54.9000015	243
54.9099998	195
54.9199982	213
54.9300003	234
54.9399986	193
54.9500008	228
54.9599991	251
54.9700012	199
54.9799995	225
54.9900017	201
55	201
55.0099983	223
55.0200005	210
55.0299988	253
55.0400009	273
55.0499992	249
55.0600014	210
55.0699997	266
55.0800018	240
55.0900002	242
55.0999985	266
55.1100006	266
55.1199989	259
55.1300011	296
55.1399994	272
55.1500015	253
55.1599998	274
55.1699982	266
55.1800003	281
55.1899986	285
55.2000008	270
55.2099991	272
55.2200012	302
55.2299995	280
55.2400017	296
55.25	295
55.2599983	263
55.2700005	317
55.2799988	272
55.2900009	315
55.2999992	312
55.3100014	310
55.3199997	312
55.3300018	362
55.3400002	360
55.3499985	349
55.3600006	340
55.3699989	314
55.3800011	323
55.3899994	381
55.4000015	381
55.4099998	368
55.4199982	351
55.4300003	413
55.4399986	393
55.4500008	426
55.4599991	393
55.4700012	466
55.4799995	419
55.4900017	415
55.5	451
55.5099983	457
55.5200005	432
55.5299988	421
55.5400009	455
55.5499992	442
55.5600014	481
55.5699997	489
55.5800018	487
55.5900002	504
55.5999985	508
55.6100006	523
55.6199989	581
55.6300011	600
55.6399994	553
55.6500015	551
55.6599998	630
55.6699982	518
55.6800003	546
55.6899986	683
55.7000008	638
55.7099991	676
55.7200012	661
55.7299995	715
55.7400017	753
55.75	736
55.7599983	802
55.7700005	821
55.7799988	787
55.7900009	870
55.7999992	821
55.8100014	844
55.8199997	951
55.8300018	978
55.8400002	1023
55.8499985	1110
55.8600006	1087
55.8699989	1259
55.8800011	1204
55.8899994	1231
55.9000015	1250
55.9099998	1423
55.9199982	1465
55.9300003	1542
55.9399986	1548
55.9500008	1682
55.9599991	1803
55.9700012	1909
55.9799995	2041
55.9900017	1951
56	2028
56.0099983	2121
56.0200005	2304
56.0299988	2519
56.0400009	2699
56.0499992	2828
56.0600014	2926
56.0699997	3089
56.0800018	3331
56.0900002	3582
56.0999985	3730
56.1100006	4118
56.1199989	4279
56.1300011	4593
56.1399994	4964
56.1500015	5397
56.1599998	5619
56.1699982	5937
56.1800003	6244
56.1899986	6672
56.2000008	7034
56.2099991	7444
56.2200012	7961
56.2299995	8480
56.2400017	8849
56.25	9620
56.2599983	9720
56.2700005	9825
56.2799988	10037
56.2900009	10583
56.2999992	11045
56.3100014	11304
56.3199997	11775
56.3300018	11815
56.3400002	12036
56.3499985	12199
56.3600006	12112
56.3699989	12409
56.3800011	12220
56.3899994	12405
56.4000015	12064
56.4099998	12014
56.4199982	12244
56.4300003	12010
56.4399986	11741
56.4500008	11606
56.4599991	11192
56.4700012	11139
56.4799995	10687
56.4900017	10428
56.5	9890
56.5099983	9681
56.5200005	9449
56.5299988	8920
56.5400009	8692
56.5499992	8140
56.5600014	7628
56.5699997	7293
56.5800018	6853
56.5900002	6725
56.5999985	6140
56.6100006	5987
56.6199989	5520
56.6300011	5159
56.6399994	4825
56.6500015	4521
56.6599998	4330
56.6699982	3959
56.6800003	3792
56.6899986	3429
56.7000008	3334
56.7099991	3139
56.7200012	2935
56.7299995	2835
56.7400017	2622
56.75	2464
56.7599983	2304
56.7700005	2141
56.7799988	2032
56.7900009	1848
56.7999992	1873
56.8100014	1654
56.8199997	1625
56.8300018	1561
56.8400002	1483
56.8499985	1546
56.8600006	1395
56.8699989	1382
56.8800011	1233
56.8899994	1146
56.9000015	1077
56.9099998	1112
56.9199982	1076
56.9300003	1003
56.9399986	1032
56.9500008	950
56.9599991	967
56.9700012	870
56.9799995	820
56.9900017	792
57	773
57.0099983	823
57.0200005	800
57.0299988	754
57.0400009	641
57.0499992	701
57.0600014	678
57.0699997	618
57.0800018	636
57.0900002	578
57.0999985	636
57.1100006	613
57.1199989	596
57.1300011	527
57.1399994	556
57.1500015	491
57.1599998	498
57.1699982	504
57.1800003	512
57.1899986	495
57.2000008	470
57.2099991	411
57.2200012	493
57.2299995	418
57.2400017	374
57.25	474
57.2599983	409
57.2700005	440
57.2799988	411
57.2900009	407
57.2999992	419
57.3100014	425
57.3199997	419
57.3300018	432
57.3400002	425
57.3499985	369
57.3600006	310
57.3699989	358
57.3800011	354
57.3899994	344
57.4000015	391
57.4099998	325
57.4199982	321
57.4300003	312
57.4399986	312
57.4500008	341
57.4599991	312
57.4700012	308
57.4799995	302
57.4900017	258
57.5	333
57.5099983	293
57.5200005	314
57.5299988	291
57.5400009	216
57.5499992	330
57.5600014	276
57.5699997	274
57.5800018	282
57.5900002	276
57.5999985	247
57.6100006	280
57.6199989	282
57.6300011	259
57.6399994	272
57.6500015	243
57.6599998	274
57.6699982	296
57.6800003	257
57.6899986	261
57.7000008	238
57.7099991	288
57.7200012	259
57.7299995	238
57.7400017	244
57.75	226
57.7599983	263
57.7700005	298
57.7799988	267
57.7900009	259
57.7999992	197
57.8100014	217
57.8199997	252
57.8300018	213
57.8400002	188
57.8499985	217
57.8600006	234
57.8699989	227
57.8800011	248
57.8899994	273
57.9000015	211
57.9099998	202
57.9199982	252
57.9300003	202
57.9399986	231
57.9500008	225
57.9599991	206
57.9700012	246
57.9799995	202
57.9900017	221
58	227
58.0099983	272
58.0200005	223
58.0299988	225
58.0400009	181
58.0499992	229
58.0600014	245
58.0699997	198
58.0800018	198
58.0900002	225
58.0999985	224
58.1100006	212
58.1199989	191
58.1300011	196
58.1399994	208
58.1500015	212
58.1599998	239
58.1699982	216
58.1800003	187
58.1899986	202
58.2000008	224
58.2099991	230
58.2200012	222
58.2299995	189
58.2400017	203
58.25	251
58.2599983	244
58.2700005	224
58.2799988	160
58.2900009	218
58.2999992	220
58.3100014	216
58.3199997	224
58.3300018	232
58.3400002	234
58.3499985	230
58.3600006	240
58.3699989	232
58.3800011	230
58.3899994	234
58.4000015	201
58.4099998	242
58.4199982	289
58.4300003	236
58.4399986	250
58.4500008	272
58.4599991	266
58.4700012	246
58.4799995	291
58.4900017	260
58.5	289
58.5099983	270
58.5200005	272
58.5299988	250
58.5400009	250
58.5499992	303
58.5600014	274
58.5699997	278
58.5800018	282
58.5900002	305
58.5999985	337
58.6100006	333
58.6199989	333
58.6300011	345
58.6399994	312
58.6500015	378
58.6599998	351
58.6699982	402
58.6800003	396
58.6899986	429
58.7000008	422
58.7099991	426
58.7200012	514
58.7299995	489
58.7400017	491
58.75	589
58.7599983	495
58.7700005	562
58.7799988	579
58.7900009	660
58.7999992	638
58.8100014	648
58.8199997	819
58.8300018	768
58.8400002	770
58.8499985	900
58.8600006	918
58.8699989	1015
58.8800011	1027
58.8899994	1084
58.9000015	1224
58.9099998	1220
58.9199982	1163
58.9300003	1415
58.9399986	1392
58.9500008	1408
58.9599991	1526
58.9700012	1682
58.9799995	1702
58.9900017	1730
59	1901
59.0099983	1943
59.0200005	1947
59.0299988	2083
59.0400009	2131
59.0499992	2271
59.0600014	2205
59.0699997	2215
59.0800018	2470
59.0900002	2393
59.0999985	2419
59.1100006	2465
59.1199989	2463
59.1300011	2620
59.1399994	2428
59.1500015	2403
59.1599998	2370
59.1699982	2287
59.1800003	2286
59.1899986	2300
59.2000008	2166
59.2099991	2113
59.2200012	2087
59.2299995	2127
59.2400017	1979
59.25	1948
59.2599983	1911
59.2700005	1755
59.2799988	1747
59.2900009	1745
59.2999992	1682
59.3100014	1481
59.3199997	1392
59.3300018	1443
59.3400002	1380
59.3499985	1376
59.3600006	1272
59.3699989	1129
59.3800011	1022
59.3899994	1013
59.4000015	1007
59.4099998	916
59.4199982	890
59.4300003	843
59.4399986	769
59.4500008	700
59.4599991	700
59.4700012	567
59.4799995	631
59.4900017	639
59.5	578
59.5099983	552
59.5200005	500
59.5299988	479
59.5400009	493
59.5499992	449
59.5600014	411
59.5699997	441
59.5800018	457
59.5900002	392
59.5999985	396
59.6100006	384
59.6199989	328
59.6300011	318
59.6399994	314
59.6500015	300
59.6599998	310
59.6699982	271
59.6800003	249
59.6899986	322
59.7000008	243
59.7099991	325
59.7200012	225
59.7299995	237
59.7400017	257
59.75	253
59.7599983	273
59.7700005	263
59.7799988	249
59.7900009	259
59.7999992	211
59.8100014	211
59.8199997	239
59.8300018	190
59.8400002	209
59.8499985	206
59.8600006	208
59.8699989	162
59.8800011	230
59.8899994	206
59.9000015	186
59.9099998	210
59.9199982	200
59.9300003	172
59.9399986	182
59.9500008	196
59.9599991	162
59.9700012	194
59.9799995	158
59.9900017	138
60	188
60.0099983	188
60.0200005	152
60.0299988	168
60.0400009	174
60.0499992	172
60.0600014	192
60.0699997	170
60.0800018	178
60.0900002	176
60.0999985	156
60.1100006	148
60.1199989	136
60.1300011	152
60.1399994	168
60.1500015	160
60.1599998	148
60.1699982	144
60.1800003	174
60.1899986	162
60.2000008	173
60.2099991	152
60.2200012	116
60.2299995	122
60.2400017	181
60.25	157
60.2599983	141
60.2700005	173
60.2799988	171
60.2900009	169
60.2999992	157
60.3100014	125
60.3199997	125
60.3300018	135
60.3400002	137
60.3499985	145
60.3600006	129
60.3699989	137
60.3800011	129
60.3899994	141
60.4000015	135
60.4099998	177
60.4199982	135
60.4300003	127
60.4399986	147
60.4500008	129
60.4599991	113
60.4700012	155
60.4799995	111
60.4900017	153
60.5	105
60.5099983	105
60.5200005	141
60.5299988	149
60.5400009	121
60.5499992	151
60.5600014	109
60.5699997	117
60.5800018	105
60.5900002	131
60.5999985	127
60.6100006	103
60.6199989	135
60.6300011	135
60.6399994	131
60.6500015	158
60.6599998	121
60.6699982	121
60.6800003	107
60.6899986	107
60.7000008	119
60.7099991	129
60.7200012	109
60.7299995	138
60.7400017	121
60.75	107
60.7599983	119
60.7700005	138
60.7799988	103
60.7900009	115
60.7999992	162
60.8100014	144
60.8199997	107
60.8300018	122
60.8400002	115
60.8499985	115
60.8600006	126
60.8699989	101
60.8800011	118
60.8899994	148
60.9000015	83
60.9099998	124
60.9199982	112
60.9300003	103
60.9399986	122
60.9500008	114
60.9599991	136
60.9700012	106
60.9799995	122
60.9900017	99
61	118
61.0099983	116
61.0200005	126
61.0299988	104
61.0400009	93
61.0499992	120
61.0600014	140
61.0699997	118
61.0800018	108
61.0900002	104
61.0999985	110
61.1100006	124
61.1199989	112
61.1300011	98
61.1399994	102
61.1500015	96
61.1599998	104
61.1699982	114
61.1800003	112
61.1899986	108
61.2000008	130
61.2099991	122
61.2200012	116
61.2299995	100
61.2400017	104
61.25	92
61.2599983	100
61.2700005	106
61.2799988	120
61.2900009	96
61.2999992	135
61.3100014	108
61.3199997	110
61.3300018	104
61.3400002	94
61.3499985	118
61.3600006	127
61.3699989	100
61.3800011	118
61.3899994	104
61.4000015	106
61.4099998	102
61.4199982	127
61.4300003	88
61.4399986	92
61.4500008	108
61.4599991	100
61.4700012	108
61.4799995	117
61.4900017	86
61.5	117
61.5099983	111
61.5200005	109
61.5299988	127
61.5400009	113
61.5499992	94
61.5600014	113
61.5699997	102
61.5800018	121
61.5900002	121
61.5999985	88
61.6100006	111
61.6199989	105
61.6300011	131
61.6399994	103
61.6500015	94
61.6599998	111
61.6699982	94
61.6800003	103
61.6899986	103
61.7000008	117
61.7099991	103
61.7200012	99
61.7299995	103
61.7400017	101
61.75	105
61.7599983	78
61.7700005	94
61.7799988	123
61.7900009	101
61.7999992	84
61.8100014	99
61.8199997	115
61.8300018	101
61.8400002	101
61.8499985	90
61.8600006	121
61.8699989	70
61.8800011	115
61.8899994	111
61.9000015	105
61.9099998	109
61.9199982	107
61.9300003	99
61.9399986	99
61.9500008	95
61.9599991	80
61.9700012	95
61.9799995	120
61.9900017	87
62	105
62.0099983	101
62.0200005	115
62.0299988	97
62.0400009	95
62.0499992	118
62.0600014	114
62.0699997	118
62.0800018	78
62.0900002	128
62.0999985	111
62.1100006	103
62.1199989	126
62.1300011	101
62.1399994	109
62.1500015	114
62.1599998	116
62.1699982	112
62.1800003	145
62.1899986	110
62.2000008	112
62.2099991	124
62.2200012	106
62.2299995	79
62.2400017	118
62.25	103
62.2599983	64
62.2700005	75
62.2799988	106
62.2900009	95
62.2999992	112
62.3100014	110
62.3199997	102
62.3300018	102
62.3400002	93
62.3499985	104
62.3600006	106
62.3699989	102
62.3800011	112
62.3899994	100
62.4000015	102
62.4099998	106
62.4199982	104
62.4300003	91
62.4399986	96
62.4500008	100
62.4599991	131
62.4700012	108
62.4799995	114
62.4900017	116
62.5	87
62.5099983	110
62.5200005	73
62.5299988	100
62.5400009	73
62.5499992	87
62.5600014	117
62.5699997	94
62.5800018	116
62.5900002	69
62.5999985	110
62.6100006	100
62.6199989	85
62.6300011	114
62.6399994	90
62.6500015	102
62.6599998	115
62.6699982	104
62.6800003	94
62.6899986	83
62.7000008	100
62.7099991	100
62.7200012	110
62.7299995	90
62.7400017	104
62.75	111
62.7599983	79
62.7700005	113
62.7799988	92
62.7900009	77
62.7999992	94
62.8100014	88
62.8199997	109
62.8300018	86
62.8400002	106
62.8499985	92
62.8600006	81
62.8699989	88
62.8800011	92
62.8899994	84
62.9000015	77
62.9099998	79
62.9199982	69
62.9300003	82
62.9399986	102
62.9500008	77
62.9599991	107
62.9700012	117
62.9799995	105
62.9900017	71
63	96
63.0099983	92
63.0200005	119
63.0299988	88
63.0400009	107
63.0499992	98
63.0600014	86
63.0699997	119
63.0800018	107
63.0900002	99
63.0999985	92
63.1100006	97
63.1199989	88
63.1300011	105
63.1399994	105
63.1500015	99
63.1599998	101
63.1699982	88
63.1800003	103
63.1899986	76
63.2000008	95
63.2099991	90
63.2200012	103
63.2299995	86
63.2400017	84
63.25	113
63.2599983	103
63.2700005	103
63.2799988	92
63.2900009	86
63.2999992	101
63.3100014	93
63.3199997	105
63.3300018	82
63.3400002	107
63.3499985	126
63.3600006	101
63.3699989	112
63.3800011	89
63.3899994	126
63.4000015	105
63.4099998	105
63.4199982	82
63.4300003	97
63.4399986	74
63.4500008	120
63.4599991	93
63.4700012	87
63.4799995	86
63.4900017	103
63.5	112
63.5099983	99
63.5200005	68
63.5299988	93
63.5400009	85
63.5499992	76
63.5600014	99
63.5699997	93
63.5800018	84
63.5900002	80
63.5999985	123
63.6100006	78
63.6199989	97
63.6300011	89
63.6399994	93
63.6500015	97
63.6599998	100
63.6699982	78
63.6800003	99
63.6899986	87
63.7000008	89
63.7099991	97
63.7200012	89
63.7299995	106
63.7400017	95
63.75	76
63.7599983	119
63.7700005	108
63.7799988	95
63.7900009	98
63.7999992	91
63.8100014	96
63.8199997	81
63.8300018	95
63.8400002	93
63.8499985	89
63.8600006	91
63.8699989	108
63.8800011	96
63.8899994	100
63.9000015	111
63.9099998	85
63.9199982	87
63.9300003	100
63.9399986	110
63.9500008	104
63.9599991	96
63.9700012	76
63.9799995	89
63.9900017	81
64	106
64.0100021	102
64.0199966	121
64.0299988	94
64.0400009	81
64.0500031	107
64.0599976	72
64.0699997	96
64.0800018	68
64.0899963	75
64.0999985	94
64.1100006	90
64.1200027	100
64.1299973	100
64.1399994	100
64.1500015	75
64.1600037	87
64.1699982	100
64.1800003	109
64.1900024	77
64.1999969	98
64.2099991	90
64.2200012	94
64.2300034	85
64.2399979	98
64.25	102
64.2600021	100
64.2699966	94
64.2799988	79
64.2900009	105
64.3000031	92
64.3099976	105
64.3199997	109
64.3300018	94
64.3399963	83
64.3499985	111
64.3600006	88
64.3700027	103
64.3799973	75
64.3899994	105
64.4000015	94
64.4100037	71
64.4199982	79
64.4300003	77
64.4400024	96
64.4499969	83
64.4599991	101
64.4700012	88
64.4800034	96
64.4899979	101
64.5	111
64.5100021	75
64.5199966	109
64.5299988	92
64.5400009	82
64.5500031	77
64.5599976	75
64.5699997	101
64.5800018	99
64.5899963	94
64.5999985	99
64.6100006	97
64.6200027	103
64.6299973	114
64.6399994	77
64.6500015	90
64.6600037	84
64.6699982	108
64.6800003	84
64.6900024	114
64.6999969	86
64.7099991	95
64.7200012	78
64.7300034	88
64.7399979	110
64.75	86
64.7600021	71
64.7699966	73
64.7799988	110
64.7900009	80
64.8000031	77
64.8099976	80
64.8199997	99
64.8300018	88
64.8399963	80
64.8499985	95
64.8600006	90
64.8700027	88
64.8799973	104
64.8899994	108
64.9000015	91
64.9100037	89
64.9199982	86
64.9300003	76
64.9400024	86
64.9499969	106
64.9599991	71
64.9700012	101
64.9800034	106
64.9899979	86
